{
    "1": {
        "matrix": [
            [
                0.933875322341919,
                0.15768641233444214,
                -0.3209545612335205,
                -1.2473659951293485
            ],
            [
                -0.3575986921787262,
                0.4118008613586426,
                -0.8381785154342651,
                2.022792184954967
            ],
            [
                -0.0,
                0.8975271582603455,
                0.4409591257572174,
                1.608649534476786
            ],
            [
                0.0,
                0.0,
                0.0,
                1.0
            ]
        ]
    },
    "2": {
        "matrix": [
            [
                -0.560899019241333,
                -0.15726548433303833,
                0.8128098845481873,
                0.5602896002728346
            ],
            [
                0.8278842568397522,
                -0.10654877126216888,
                0.5506860017776489,
                1.2530826991139243
            ],
            [
                -0.0,
                0.9817916750907898,
                0.18996071815490723,
                1.5617987450732413
            ],
            [
                0.0,
                0.0,
                0.0,
                1.0
            ]
        ]
    },
    "3": {
        "matrix": [
            [
                0.6337577104568481,
                -0.08349864184856415,
                0.7690117955207825,
                -0.45613693765411023
            ],
            [
                0.7735316157341003,
                0.06841079145669937,
                -0.6300546526908875,
                2.663117526639005
            ],
            [
                -0.0,
                0.9941568970680237,
                0.10794471204280853,
                1.4274612696766233
            ],
            [
                0.0,
                0.0,
                0.0,
                1.0
            ]
        ]
    },
    "4": {
        "matrix": [
            [
                -0.6689127087593079,
                -0.17683058977127075,
                0.7220019102096558,
                -0.2719489136162734
            ],
            [
                0.7433409690856934,
                -0.15912511944770813,
                0.6497102379798889,
                4.3043357280097965
            ],
            [
                -0.0,
                0.971293032169342,
                0.2378862351179123,
                1.877132264969531
            ],
            [
                0.0,
                0.0,
                0.0,
                1.0
            ]
        ]
    },
    "5": {
        "matrix": [
            [
                -0.1023651510477066,
                0.2874455153942108,
                -0.952311098575592,
                -1.6767808947621687
            ],
            [
                -0.9947468638420105,
                -0.02957978844642639,
                0.09799826890230179,
                3.1777552418626414
            ],
            [
                -0.0,
                0.9573401212692261,
                0.2889634668827057,
                1.805803822736824
            ],
            [
                0.0,
                0.0,
                0.0,
                1.0
            ]
        ]
    },
    "6": {
        "matrix": [
            [
                0.2555920481681824,
                -0.23741181194782257,
                -0.9371810555458069,
                -1.7250059348507125
            ],
            [
                -0.9667847156524658,
                -0.06276534497737885,
                -0.2477656453847885,
                -0.18022976398534515
            ],
            [
                -0.0,
                0.9693792462348938,
                -0.2455684393644333,
                1.55766659789824
            ],
            [
                0.0,
                0.0,
                0.0,
                1.0
            ]
        ]
    },
    "7": {
        "matrix": [
            [
                0.009297908283770084,
                -0.385385662317276,
                0.9227087497711182,
                0.48350461035880254
            ],
            [
                0.9999567866325378,
                0.00358343543484807,
                -0.008579632267355919,
                3.160107798353683
            ],
            [
                -0.0,
                0.9227486252784729,
                0.3854023218154907,
                1.521276037083613
            ],
            [
                0.0,
                0.0,
                0.0,
                1.0
            ]
        ]
    },
    "8": {
        "matrix": [
            [
                0.16726331412792206,
                -0.32155463099479675,
                0.9320008754730225,
                0.11582945407255929
            ],
            [
                0.9859122633934021,
                0.054552823305130005,
                -0.15811707079410553,
                2.9305058235767363
            ],
            [
                -0.0,
                0.9453182816505432,
                0.3261493444442749,
                1.5064489140032218
            ],
            [
                0.0,
                0.0,
                0.0,
                1.0
            ]
        ]
    },
    "9": {
        "matrix": [
            [
                -0.33367225527763367,
                0.22382090985774994,
                0.9157330393791199,
                -0.42089212188436687
            ],
            [
                0.9426891207695007,
                0.07922317832708359,
                0.32413092255592346,
                1.1890278637472098
            ],
            [
                -0.0,
                0.9714050889015198,
                -0.23742812871932983,
                1.5739687723937952
            ],
            [
                0.0,
                0.0,
                0.0,
                1.0
            ]
        ]
    },
    "10": {
        "matrix": [
            [
                0.4091295599937439,
                -0.36534231901168823,
                0.836144745349884,
                -0.189255297459209
            ],
            [
                0.9124763011932373,
                0.16380956768989563,
                -0.3749045431613922,
                2.3653275223568584
            ],
            [
                -0.0,
                0.9163467884063721,
                0.4003855586051941,
                1.6165949282805194
            ],
            [
                0.0,
                0.0,
                0.0,
                1.0
            ]
        ]
    },
    "11": {
        "matrix": [
            [
                0.9278900623321533,
                0.1671236902475357,
                -0.3333011567592621,
                -0.6254148814782021
            ],
            [
                -0.3728538453578949,
                0.41590672731399536,
                -0.8294585943222046,
                0.09684698807569325
            ],
            [
                -0.0,
                0.893919050693512,
                0.4482284188270569,
                1.7646684829880943
            ],
            [
                0.0,
                0.0,
                0.0,
                1.0
            ]
        ]
    },
    "12": {
        "matrix": [
            [
                -0.8190017342567444,
                0.0850159078836441,
                0.567457914352417,
                0.4464379915216976
            ],
            [
                0.5737910866737366,
                0.12134759873151779,
                0.8099620938301086,
                2.1115625036866272
            ],
            [
                -0.0,
                0.9889625906944275,
                -0.1481652557849884,
                1.6106760848218213
            ],
            [
                0.0,
                0.0,
                0.0,
                1.0
            ]
        ]
    },
    "13": {
        "matrix": [
            [
                -0.4509882628917694,
                0.1257137805223465,
                0.8836320638656616,
                -0.5957161451512274
            ],
            [
                0.8925298452377319,
                0.06352217495441437,
                0.4464922845363617,
                1.3393073794816028
            ],
            [
                -0.0,
                0.990030825138092,
                -0.14085105061531067,
                1.857162601604881
            ],
            [
                0.0,
                0.0,
                0.0,
                1.0
            ]
        ]
    },
    "14": {
        "matrix": [
            [
                0.943501889705658,
                0.11197356134653091,
                -0.3118751049041748,
                -1.633106877440396
            ],
            [
                -0.3313671052455902,
                0.31882244348526,
                -0.8880022764205933,
                1.5484614633326632
            ],
            [
                -0.0,
                0.9411770105361938,
                0.3379139304161072,
                1.5153710057136383
            ],
            [
                0.0,
                0.0,
                0.0,
                1.0
            ]
        ]
    },
    "15": {
        "matrix": [
            [
                -0.8377714157104492,
                -0.03597234562039375,
                -0.5448349118232727,
                -0.7340479352056768
            ],
            [
                -0.5460211038589478,
                0.055193111300468445,
                0.8359513282775879,
                3.2850291819974924
            ],
            [
                -0.0,
                0.9978274703025818,
                -0.06588087230920792,
                1.6981204255250026
            ],
            [
                0.0,
                0.0,
                0.0,
                1.0
            ]
        ]
    },
    "16": {
        "matrix": [
            [
                -0.8716990947723389,
                -0.16633278131484985,
                0.4609490633010864,
                0.012976807815908487
            ],
            [
                0.49004146456718445,
                -0.29587727785110474,
                0.8199487924575806,
                2.0216408837234354
            ],
            [
                -0.0,
                0.9406327605247498,
                0.3394259214401245,
                1.6493009409188142
            ],
            [
                0.0,
                0.0,
                0.0,
                1.0
            ]
        ]
    },
    "17": {
        "matrix": [
            [
                0.6282963156700134,
                0.366065114736557,
                -0.686469316482544,
                -1.6144396527035831
            ],
            [
                -0.7779741287231445,
                0.29563623666763306,
                -0.5543964505195618,
                -0.01825341699502986
            ],
            [
                -0.0,
                0.8823806047439575,
                0.47053635120391846,
                1.5741590006217514
            ],
            [
                0.0,
                0.0,
                0.0,
                1.0
            ]
        ]
    },
    "18": {
        "matrix": [
            [
                -0.3768279254436493,
                0.26864251494407654,
                0.8864716291427612,
                0.27518557920727504
            ],
            [
                0.9262832999229431,
                0.10928838700056076,
                0.3606318533420563,
                0.876862931812048
            ],
            [
                -0.0,
                0.9570199847221375,
                -0.29002198576927185,
                1.542753574662815
            ],
            [
                0.0,
                0.0,
                0.0,
                1.0
            ]
        ]
    },
    "19": {
        "matrix": [
            [
                0.201565220952034,
                -0.40824824571609497,
                0.890339732170105,
                0.2739280644134867
            ],
            [
                0.9794750809669495,
                0.08401300758123398,
                -0.18322214484214783,
                3.4782103539864573
            ],
            [
                -0.0,
                0.9089968204498291,
                0.4168030917644501,
                1.548303008930046
            ],
            [
                0.0,
                0.0,
                0.0,
                1.0
            ]
        ]
    },
    "20": {
        "matrix": [
            [
                -0.9790510535240173,
                0.014517216943204403,
                -0.20309683680534363,
                -1.6064540878886986
            ],
            [
                -0.20361502468585968,
                -0.06980377435684204,
                0.9765594601631165,
                2.464705508303729
            ],
            [
                -0.0,
                0.9974551200866699,
                0.07129737734794617,
                1.5611058687464787
            ],
            [
                0.0,
                0.0,
                0.0,
                1.0
            ]
        ]
    },
    "21": {
        "matrix": [
            [
                -0.9899234175682068,
                0.057918403297662735,
                -0.1292172372341156,
                -0.8477698190718721
            ],
            [
                -0.14160379767417908,
                -0.4048958122730255,
                0.903331458568573,
                1.9395892947201805
            ],
            [
                -0.0,
                0.9125266075134277,
                0.40901729464530945,
                1.5130337522982633
            ],
            [
                0.0,
                0.0,
                0.0,
                1.0
            ]
        ]
    },
    "22": {
        "matrix": [
            [
                0.42455244064331055,
                0.1792178750038147,
                -0.8874886631965637,
                -1.6278848332326987
            ],
            [
                -0.9054033756256104,
                0.08403700590133667,
                -0.41615208983421326,
                3.0427292433074715
            ],
            [
                -0.0,
                0.9802136421203613,
                0.1979425847530365,
                1.8607200686235004
            ],
            [
                0.0,
                0.0,
                0.0,
                1.0
            ]
        ]
    },
    "23": {
        "matrix": [
            [
                -0.5232266783714294,
                -0.3257651627063751,
                0.7874712347984314,
                0.09670613500029557
            ],
            [
                0.8521935343742371,
                -0.20001210272312164,
                0.48348867893218994,
                2.166004941528243
            ],
            [
                -0.0,
                0.9240520596504211,
                0.382266640663147,
                1.6983192554850524
            ],
            [
                0.0,
                0.0,
                0.0,
                1.0
            ]
        ]
    },
    "24": {
        "matrix": [
            [
                -0.9936078786849976,
                0.03682471439242363,
                -0.10671146214008331,
                -1.724683110742602
            ],
            [
                -0.11288665235042572,
                -0.32412445545196533,
                0.9392549991607666,
                2.5681656458859323
            ],
            [
                -0.0,
                0.9452974796295166,
                0.3262096345424652,
                1.883041770331421
            ],
            [
                0.0,
                0.0,
                0.0,
                1.0
            ]
        ]
    },
    "25": {
        "matrix": [
            [
                -0.9209325313568115,
                0.01625572331249714,
                0.38938286900520325,
                -1.1205458962196833
            ],
            [
                0.3897220194339752,
                0.03841308131814003,
                0.9201310873031616,
                1.855763383010494
            ],
            [
                -0.0,
                0.9991297125816345,
                -0.04171106964349747,
                1.5362315348462792
            ],
            [
                0.0,
                0.0,
                0.0,
                1.0
            ]
        ]
    },
    "26": {
        "matrix": [
            [
                0.5441458821296692,
                -0.1737503707408905,
                0.8208020925521851,
                -0.3926289435939969
            ],
            [
                0.8389906287193298,
                0.11268963664770126,
                -0.5323492884635925,
                2.510329881778128
            ],
            [
                -0.0,
                0.9783209562301636,
                0.20709453523159027,
                1.550607237857421
            ],
            [
                0.0,
                0.0,
                0.0,
                1.0
            ]
        ]
    },
    "27": {
        "matrix": [
            [
                0.6021742224693298,
                0.16328558325767517,
                -0.7814883589744568,
                -1.2345592416394524
            ],
            [
                -0.7983646988868713,
                0.12315970659255981,
                -0.5894450545310974,
                0.8209191738835877
            ],
            [
                -0.0,
                0.9788613319396973,
                0.20452503859996796,
                1.6785177018086614
            ],
            [
                0.0,
                0.0,
                0.0,
                1.0
            ]
        ]
    },
    "28": {
        "matrix": [
            [
                -0.4901297986507416,
                -0.3394473195075989,
                0.8028376698493958,
                -0.6349535911722959
            ],
            [
                0.871649444103241,
                -0.19087174534797668,
                0.4514368176460266,
                4.145354588687144
            ],
            [
                -0.0,
                0.9210556149482727,
                0.38943102955818176,
                1.781584789546345
            ],
            [
                0.0,
                0.0,
                0.0,
                1.0
            ]
        ]
    },
    "29": {
        "matrix": [
            [
                0.019043736159801483,
                0.04873387888073921,
                -0.9986302256584167,
                -1.6839416831561835
            ],
            [
                -0.9998186230659485,
                0.0009282435057684779,
                -0.01902110129594803,
                2.9581028695116913
            ],
            [
                -0.0,
                0.9988113641738892,
                0.04874271899461746,
                1.8885133979733644
            ],
            [
                0.0,
                0.0,
                0.0,
                1.0
            ]
        ]
    },
    "30": {
        "matrix": [
            [
                0.05718401446938515,
                -0.06883177906274796,
                -0.9959880113601685,
                -1.7954711429019465
            ],
            [
                -0.9983636736869812,
                -0.003942528739571571,
                -0.05704794451594353,
                3.0242548279470167
            ],
            [
                -0.0,
                0.9976204633712769,
                -0.06894459575414658,
                1.7949279699847547
            ],
            [
                0.0,
                0.0,
                0.0,
                1.0
            ]
        ]
    },
    "31": {
        "matrix": [
            [
                -0.8196171522140503,
                0.20788688957691193,
                -0.5338639616966248,
                -1.6216983009586499
            ],
            [
                -0.5729116201400757,
                -0.29740652441978455,
                0.7637549638748169,
                3.603044433834222
            ],
            [
                -0.0,
                0.9318435192108154,
                0.3628603219985962,
                1.429458006434471
            ],
            [
                0.0,
                0.0,
                0.0,
                1.0
            ]
        ]
    },
    "32": {
        "matrix": [
            [
                0.9983013868331909,
                0.012136770412325859,
                -0.056982941925525665,
                -0.9043535465031052
            ],
            [
                -0.05826111137866974,
                0.2079629898071289,
                -0.9764000177383423,
                1.4779793676852113
            ],
            [
                -0.0,
                0.9780613780021667,
                0.208316832780838,
                1.6247417554119374
            ],
            [
                0.0,
                0.0,
                0.0,
                1.0
            ]
        ]
    },
    "33": {
        "matrix": [
            [
                -0.3704240620136261,
                -0.2841043174266815,
                0.8843476176261902,
                0.19490664735716257
            ],
            [
                0.9288627505302429,
                -0.11329884082078934,
                0.35267174243927,
                1.7512353871055408
            ],
            [
                -0.0,
                0.9520756602287292,
                0.30586254596710205,
                1.8429811553040438
            ],
            [
                0.0,
                0.0,
                0.0,
                1.0
            ]
        ]
    },
    "34": {
        "matrix": [
            [
                0.9669174551963806,
                -0.054105788469314575,
                0.24928538501262665,
                -0.8235211940740161
            ],
            [
                0.2550894618034363,
                0.20508816838264465,
                -0.9449170231819153,
                1.8101884147089682
            ],
            [
                -0.0,
                0.9772468209266663,
                0.2121051549911499,
                1.5688309839957428
            ],
            [
                0.0,
                0.0,
                0.0,
                1.0
            ]
        ]
    },
    "35": {
        "matrix": [
            [
                -0.28698471188545227,
                -0.25819897651672363,
                0.9224820137023926,
                0.2754459760431396
            ],
            [
                0.9579351544380188,
                -0.07735300064086914,
                0.27636343240737915,
                2.4169077793970217
            ],
            [
                -0.0,
                0.9629900455474854,
                0.2695370018482208,
                1.7343816118458477
            ],
            [
                0.0,
                0.0,
                0.0,
                1.0
            ]
        ]
    },
    "36": {
        "matrix": [
            [
                -0.2513050138950348,
                0.02605481632053852,
                -0.9675571918487549,
                -2.1304526314890357
            ],
            [
                -0.9679079651832581,
                -0.006764802150428295,
                0.2512139678001404,
                4.199532991803272
            ],
            [
                -0.0,
                0.9996376037597656,
                0.026918692514300346,
                1.5295470223348098
            ],
            [
                0.0,
                0.0,
                0.0,
                1.0
            ]
        ]
    },
    "37": {
        "matrix": [
            [
                0.3418995440006256,
                0.3734390139579773,
                -0.8623502850532532,
                -1.8329140558929238
            ],
            [
                -0.9397364854812622,
                0.1358664184808731,
                -0.31374451518058777,
                -0.07822273392923235
            ],
            [
                -0.0,
                0.9176511764526367,
                0.39738693833351135,
                1.790329062086224
            ],
            [
                0.0,
                0.0,
                0.0,
                1.0
            ]
        ]
    },
    "38": {
        "matrix": [
            [
                -0.8648492693901062,
                0.09644758701324463,
                -0.49267998337745667,
                -1.152070707897705
            ],
            [
                -0.5020315647125244,
                -0.16615016758441925,
                0.8487393260002136,
                1.6883158178134878
            ],
            [
                -0.0,
                0.9813724756240845,
                0.19211459159851074,
                1.4738988331046377
            ],
            [
                0.0,
                0.0,
                0.0,
                1.0
            ]
        ]
    },
    "39": {
        "matrix": [
            [
                -0.14348213374614716,
                0.3973691165447235,
                -0.9063722491264343,
                -1.7347019354936897
            ],
            [
                -0.9896529316902161,
                -0.05761147662997246,
                0.13140791654586792,
                2.810960378384237
            ],
            [
                -0.0,
                0.9158486127853394,
                0.4015237092971802,
                1.6855825042421142
            ],
            [
                0.0,
                0.0,
                0.0,
                1.0
            ]
        ]
    },
    "40": {
        "matrix": [
            [
                -0.6583889126777649,
                -0.261300653219223,
                0.7058654427528381,
                -0.4114880891334596
            ],
            [
                0.7526779174804688,
                -0.22856715321540833,
                0.6174407005310059,
                3.791498618984841
            ],
            [
                -0.0,
                0.9378054141998291,
                0.34716132283210754,
                1.766841379370038
            ],
            [
                0.0,
                0.0,
                0.0,
                1.0
            ]
        ]
    },
    "41": {
        "matrix": [
            [
                -0.9999635219573975,
                0.0020853825844824314,
                0.008280941285192966,
                0.03127360284326519
            ],
            [
                0.00853948574513197,
                0.244195818901062,
                0.969688355922699,
                3.3911512548901532
            ],
            [
                -0.0,
                0.9697237014770508,
                -0.24420471489429474,
                1.656135046784919
            ],
            [
                0.0,
                0.0,
                0.0,
                1.0
            ]
        ]
    },
    "42": {
        "matrix": [
            [
                -0.7868379950523376,
                -0.2221641093492508,
                0.5757856369018555,
                0.33724090112396077
            ],
            [
                0.6171596050262451,
                -0.28324466943740845,
                0.7340888977050781,
                2.3011710840035056
            ],
            [
                -0.0,
                0.9329606294631958,
                0.3599783778190613,
                1.7996839174575638
            ],
            [
                0.0,
                0.0,
                0.0,
                1.0
            ]
        ]
    },
    "43": {
        "matrix": [
            [
                0.9787376523017883,
                -0.08805157244205475,
                0.18525533378124237,
                -1.5352201197300948
            ],
            [
                0.20511610805988312,
                0.4201492965221405,
                -0.8839694261550903,
                1.8876638239512453
            ],
            [
                -0.0,
                0.90317302942276,
                0.4292767345905304,
                1.8340798276823296
            ],
            [
                0.0,
                0.0,
                0.0,
                1.0
            ]
        ]
    },
    "44": {
        "matrix": [
            [
                0.89919513463974,
                -0.20086176693439484,
                0.3887192904949188,
                -1.0894982103733117
            ],
            [
                0.43754786252975464,
                0.41278666257858276,
                -0.798848569393158,
                2.509049447306631
            ],
            [
                -0.0,
                0.8884040117263794,
                0.459062397480011,
                1.8675469131419564
            ],
            [
                0.0,
                0.0,
                0.0,
                1.0
            ]
        ]
    },
    "45": {
        "matrix": [
            [
                -0.9668282866477966,
                0.02443983592092991,
                0.2542552351951599,
                -1.1901594158359377
            ],
            [
                0.25542715191841125,
                0.09250827133655548,
                0.9623924493789673,
                2.1818038876950228
            ],
            [
                -0.0,
                0.9954119324684143,
                -0.09568221122026443,
                1.499740078200074
            ],
            [
                0.0,
                0.0,
                0.0,
                1.0
            ]
        ]
    },
    "46": {
        "matrix": [
            [
                0.48879989981651306,
                -0.16078290343284607,
                -0.8574517369270325,
                -1.1279848436679887
            ],
            [
                -0.872395932674408,
                -0.09008600562810898,
                -0.48042675852775574,
                -0.10685225373397109
            ],
            [
                -0.0,
                0.9828699827194214,
                -0.18430037796497345,
                1.6005520340452002
            ],
            [
                0.0,
                0.0,
                0.0,
                1.0
            ]
        ]
    },
    "47": {
        "matrix": [
            [
                0.8504278659820557,
                0.0014720219187438488,
                -0.526089608669281,
                -0.644957820642841
            ],
            [
                -0.5260916948318481,
                0.0023795252200216055,
                -0.8504245281219482,
                -0.2008285107361158
            ],
            [
                -0.0,
                0.9999960660934448,
                0.0027980331797152758,
                1.5417136007133077
            ],
            [
                0.0,
                0.0,
                0.0,
                1.0
            ]
        ]
    },
    "48": {
        "matrix": [
            [
                0.12041562050580978,
                -0.16639648377895355,
                0.978678822517395,
                0.5666540657383803
            ],
            [
                0.9927235841751099,
                0.02018360048532486,
                -0.11871202290058136,
                0.8886662010428117
            ],
            [
                -0.0,
                0.9858523607254028,
                0.1676161289215088,
                1.6065952324337969
            ],
            [
                0.0,
                0.0,
                0.0,
                1.0
            ]
        ]
    },
    "49": {
        "matrix": [
            [
                0.4563785493373871,
                -0.24893726408481598,
                0.8542534112930298,
                -0.04898944690221274
            ],
            [
                0.8897857069969177,
                0.12768200039863586,
                -0.4381537139415741,
                2.940701849991931
            ],
            [
                -0.0,
                0.9600664377212524,
                0.27977216243743896,
                1.8979023972735474
            ],
            [
                0.0,
                0.0,
                0.0,
                1.0
            ]
        ]
    },
    "50": {
        "matrix": [
            [
                0.9065916538238525,
                0.06577000021934509,
                -0.4168523848056793,
                -1.2462887345646214
            ],
            [
                -0.42200902104377747,
                0.14129208028316498,
                -0.8955137729644775,
                2.2837175766613567
            ],
            [
                -0.0,
                0.987780749797821,
                0.15584975481033325,
                1.5249997085696627
            ],
            [
                0.0,
                0.0,
                0.0,
                1.0
            ]
        ]
    },
    "51": {
        "matrix": [
            [
                -0.4600767493247986,
                0.15934918820858002,
                0.8734627962112427,
                -0.5921997911542625
            ],
            [
                0.8878791332244873,
                0.08257075399160385,
                0.45260652899742126,
                1.0381779501746038
            ],
            [
                -0.0,
                0.9837631583213806,
                -0.1794717013835907,
                1.4020514079204591
            ],
            [
                0.0,
                0.0,
                0.0,
                1.0
            ]
        ]
    },
    "52": {
        "matrix": [
            [
                -0.5308592319488525,
                0.27640530467033386,
                -0.8011170625686646,
                -1.8610976812250635
            ],
            [
                -0.8474599719047546,
                -0.1731436550617218,
                0.5018295049667358,
                4.238981832150611
            ],
            [
                -0.0,
                0.9453154802322388,
                0.3261573612689972,
                1.662234566338151
            ],
            [
                0.0,
                0.0,
                0.0,
                1.0
            ]
        ]
    },
    "53": {
        "matrix": [
            [
                -0.6697046756744385,
                -0.10959568619728088,
                0.734495997428894,
                -0.8814351998208643
            ],
            [
                0.7426275014877319,
                -0.09883386641740799,
                0.6623716950416565,
                4.208416973101956
            ],
            [
                -0.0,
                0.9890503883361816,
                0.14757826924324036,
                1.4820743131921867
            ],
            [
                0.0,
                0.0,
                0.0,
                1.0
            ]
        ]
    },
    "54": {
        "matrix": [
            [
                0.5442756414413452,
                -0.4145132899284363,
                0.7293440699577332,
                0.401843038898992
            ],
            [
                0.838906466960907,
                0.2689328193664551,
                -0.4731924533843994,
                -0.13081427924800743
            ],
            [
                -0.0,
                0.8693985939025879,
                0.49411144852638245,
                1.8393165690952828
            ],
            [
                0.0,
                0.0,
                0.0,
                1.0
            ]
        ]
    },
    "55": {
        "matrix": [
            [
                0.032140929251909256,
                0.05740790069103241,
                -0.9978333115577698,
                -1.5811375824756075
            ],
            [
                -0.9994833469390869,
                0.0018460970604792237,
                -0.032087866216897964,
                3.5560957599158423
            ],
            [
                -0.0,
                0.9983490705490112,
                0.05743757635354996,
                1.5074900739482164
            ],
            [
                0.0,
                0.0,
                0.0,
                1.0
            ]
        ]
    },
    "56": {
        "matrix": [
            [
                0.9987183213233948,
                -0.005586216226220131,
                0.05030377581715584,
                0.2930890194331508
            ],
            [
                0.050613000988960266,
                0.11022970825433731,
                -0.992616593837738,
                1.4796418190141924
            ],
            [
                -0.0,
                0.9938904643058777,
                0.1103711724281311,
                1.844429590314807
            ],
            [
                0.0,
                0.0,
                0.0,
                1.0
            ]
        ]
    },
    "57": {
        "matrix": [
            [
                0.9991891980171204,
                -0.010545456781983376,
                -0.03885606676340103,
                0.14735224572244032
            ],
            [
                -0.0402616523206234,
                -0.2617107331752777,
                -0.9643062353134155,
                1.3464280252364569
            ],
            [
                -0.0,
                0.9650887250900269,
                -0.2619231045246124,
                1.4957742542351846
            ],
            [
                0.0,
                0.0,
                0.0,
                1.0
            ]
        ]
    },
    "58": {
        "matrix": [
            [
                0.35099920630455017,
                -0.4303860366344452,
                0.8316053152084351,
                0.25099956796595624
            ],
            [
                0.9363757371902466,
                0.16132964193820953,
                -0.3117261528968811,
                0.5236811965389695
            ],
            [
                -0.0,
                0.8881106972694397,
                0.459629625082016,
                1.8881027152173913
            ],
            [
                0.0,
                0.0,
                0.0,
                1.0
            ]
        ]
    },
    "59": {
        "matrix": [
            [
                0.7827094793319702,
                0.1282428503036499,
                -0.6090317368507385,
                -1.167523301455389
            ],
            [
                -0.6223872303962708,
                0.16127723455429077,
                -0.7659136652946472,
                1.0245873418277478
            ],
            [
                -0.0,
                0.9785414934158325,
                0.20604991912841797,
                1.6873924631782315
            ],
            [
                0.0,
                0.0,
                0.0,
                1.0
            ]
        ]
    },
    "60": {
        "matrix": [
            [
                0.9998082518577576,
                -0.003480483777821064,
                0.019269954413175583,
                -1.5010796998679503
            ],
            [
                0.01958175003528595,
                0.17770712077617645,
                -0.983888566493988,
                1.8218416828842523
            ],
            [
                -0.0,
                0.9840772747993469,
                0.17774119973182678,
                1.7485200690717226
            ],
            [
                0.0,
